best_r2: 0.040066802442449645
best_rmse: 1.204092784497115
label_period_candles: 4
n_estimators: 100
pair: ETH-USD
pred_std: 0.7652787802156329
size_full_threshold: 0.44999999999999996
size_half_threshold: 0.3
train_period_days: 60
